data | 1; 4160; 6360; 100; 93; 1 
data | 1; 4160; 6360; 86; 79; 2 
network | 2; 255; 255; 1; 9; 0; 1; 1; 1; | 1:0;  | 1;
network | 1; 2; 1; 1; 7; -19; 0; 1; 1; |  | 2;
data | 1; 4160; 6360; 72; 65; 3 
data | 1; 4160; 6360; 58; 51; 4 
data | 1; 4160; 6360; 30; 23; 5 
network | 2; 255; 255; 1; 18; 0; 1; 1; 2; | 1:1;  | 1;
network | 1; 2; 1; 1; 16; -19; 0; 1; 2; |  | 2;
data | 1; 4160; 6360; 16; 9; 6 
data | 1; 4160; 6360; 2; 251; 7 
data | 1; 4160; 6360; 244; 237; 8 
network | 2; 255; 255; 1; 27; 0; 1; 1; 3; | 1:2;  | 1;
network | 1; 2; 1; 1; 25; -19; 0; 1; 3; |  | 2;
data | 1; 4160; 6360; 216; 209; 9 
data | 1; 4160; 6360; 202; 195; 10 
data | 1; 4160; 6360; 188; 181; 11 
network | 2; 255; 255; 1; 36; 0; 1; 1; 4; | 1:0;  | 1;
network | 1; 2; 1; 1; 34; -19; 0; 1; 4; |  | 2;
data | 1; 4160; 6360; 174; 167; 12 
data | 1; 4160; 6360; 146; 139; 13 
data | 1; 4160; 6360; 132; 125; 14 
network | 2; 255; 255; 1; 45; 0; 1; 1; 5; | 1:1;  | 1;
network | 1; 2; 1; 1; 43; -19; 0; 1; 5; |  | 2;
data | 1; 4160; 6360; 118; 111; 15 
data | 1; 4160; 6360; 104; 97; 16 
data | 1; 4160; 6360; 76; 69; 17 
network | 2; 255; 255; 1; 54; 0; 1; 1; 6; | 1:2;  | 1;
network | 1; 2; 1; 1; 52; -19; 0; 1; 6; |  | 2;
data | 1; 4160; 6360; 62; 55; 18 
data | 1; 4160; 6360; 48; 41; 19 
data | 1; 4160; 6360; 34; 27; 20 
network | 2; 255; 255; 1; 63; 0; 1; 1; 7; | 1:0;  | 1;
network | 1; 2; 1; 1; 61; -19; 0; 1; 7; |  | 2;
data | 1; 4160; 6360; 20; 13; 21 
data | 1; 4160; 6360; 248; 241; 22 
data | 1; 4160; 6360; 234; 227; 23 
network | 2; 255; 255; 1; 72; 0; 1; 1; 8; | 1:1;  | 1;
network | 1; 2; 1; 1; 70; -19; 0; 1; 8; |  | 2;
data | 1; 4160; 6360; 220; 213; 24 
data | 1; 4160; 6360; 206; 199; 25 
data | 1; 4160; 6360; 178; 171; 26 
network | 2; 255; 255; 1; 81; 0; 1; 1; 9; | 1:2;  | 1;
network | 1; 2; 1; 1; 79; -19; 0; 1; 9; |  | 2;
data | 1; 4160; 6360; 164; 157; 27 
data | 1; 4160; 6360; 150; 143; 28 
data | 1; 4160; 6360; 136; 129; 29 
network | 2; 255; 255; 1; 90; 0; 1; 1; 10; | 1:2;  | 1;
network | 2; 255; 255; 1; 99; 0; 1; 1; 11; | 1:0;  | 1;
network | 1; 2; 1; 0; 0; 0; 0; 0; 0; |  | 
network | 2; 255; 255; 1; 108; 0; 1; 1; 12; | 1:0;  | 1;
network | 2; 255; 255; 1; 117; 0; 1; 1; 13; | 1:0;  | 1;
network | 2; 255; 255; 1; 126; 0; 1; 1; 14; | 1:0;  | 1;
network | 2; 255; 255; 1; 135; 0; 1; 1; 15; | 1:0;  | 1;
network | 2; 255; 255; 1; 144; 0; 1; 1; 16; | 1:0;  | 1;
data | 1; 4160; 6360; 42; 35; 30 
network | 2; 255; 255; 1; 153; 0; 1; 1; 17; | 1:1;  | 1;
network | 1; 2; 1; 1; 151; -19; 0; 1; 10; |  | 2;
data | 1; 4160; 6360; 28; 21; 31 
data | 1; 4160; 6360; 0; 249; 32 
data | 1; 4160; 6360; 242; 235; 33 
network | 2; 255; 255; 1; 162; 0; 1; 1; 18; | 1:0;  | 1;
network | 1; 2; 1; 1; 160; -19; 0; 1; 11; |  | 2;
data | 1; 4160; 6360; 228; 221; 34 
data | 1; 4160; 6360; 214; 207; 35 
data | 1; 4160; 6360; 200; 193; 36 
network | 2; 255; 255; 1; 171; 0; 1; 1; 19; | 1:1;  | 1;
network | 1; 2; 1; 1; 169; -19; 0; 1; 12; |  | 2;
data | 1; 4160; 6360; 172; 165; 37 
data | 1; 4160; 6360; 158; 151; 38 
data | 1; 4160; 6360; 144; 137; 39 
network | 2; 255; 255; 1; 180; 0; 1; 1; 20; | 1:2;  | 1;
network | 1; 2; 1; 1; 178; -19; 0; 1; 13; |  | 2;
data | 1; 4160; 6360; 130; 123; 40 
data | 1; 4160; 6360; 102; 95; 41 
data | 1; 4160; 6360; 88; 81; 42 
network | 2; 255; 255; 1; 190; 0; 1; 1; 21; | 1:0;  | 1;
network | 1; 2; 1; 1; 188; -19; 0; 1; 14; |  | 2;
data | 1; 4160; 6360; 74; 67; 43 
data | 1; 4160; 6360; 60; 53; 44 
data | 1; 4160; 6360; 32; 25; 45 
network | 2; 255; 255; 1; 199; 0; 1; 1; 22; | 1:1;  | 1;
network | 1; 2; 1; 1; 197; -19; 0; 1; 15; |  | 2;
data | 1; 4160; 6360; 18; 11; 46 
data | 1; 4160; 6360; 4; 253; 47 
data | 1; 4160; 6360; 246; 239; 48 
network | 2; 255; 255; 1; 208; 0; 1; 1; 23; | 1:2;  | 1;
network | 1; 2; 1; 1; 206; -19; 0; 1; 16; |  | 2;
network | 2; 255; 255; 1; 217; 0; 1; 1; 24; | 1:0;  | 1;
network | 2; 255; 255; 1; 226; 0; 1; 1; 25; | 1:0;  | 1;
network | 1; 2; 1; 0; 0; 0; 0; 0; 0; |  | 
network | 2; 255; 255; 1; 235; 0; 1; 1; 26; | 1:0;  | 1;
network | 2; 255; 255; 1; 244; 0; 1; 1; 27; | 1:0;  | 1;
network | 2; 255; 255; 1; 253; 0; 1; 1; 28; | 1:0;  | 1;
network | 2; 255; 255; 1; 262; 0; 1; 1; 29; | 1:0;  | 1;
network | 2; 255; 255; 1; 271; 0; 1; 1; 30; | 1:0;  | 1;
network | 1; 2; 1; 1; 269; -19; 0; 1; 17; |  | 2;
data | 1; 4160; 6360; 138; 131; 49 
data | 1; 4160; 6360; 124; 117; 50 
data | 1; 4160; 6360; 96; 89; 51 
network | 2; 255; 255; 1; 280; 0; 1; 1; 31; | 1:0;  | 1;
network | 1; 2; 1; 1; 278; -19; 0; 1; 18; |  | 2;
data | 1; 4160; 6360; 82; 75; 52 
data | 1; 4160; 6360; 68; 61; 53 
data | 1; 4160; 6360; 54; 47; 54 
network | 2; 255; 255; 1; 289; 0; 1; 1; 32; | 1:1;  | 1;
network | 1; 2; 1; 1; 287; -19; 0; 1; 19; |  | 2;
data | 1; 4160; 6360; 26; 19; 55 
data | 1; 4160; 6360; 12; 5; 56 
data | 1; 4160; 6360; 254; 247; 57 
network | 2; 255; 255; 1; 298; 0; 1; 1; 33; | 1:1;  | 1;
network | 1; 2; 1; 1; 296; -19; 0; 1; 20; |  | 2;
data | 1; 4160; 6360; 240; 233; 58 
data | 1; 4160; 6360; 212; 205; 59 
data | 1; 4160; 6360; 198; 191; 60 
network | 2; 255; 255; 1; 307; 0; 1; 1; 34; | 1:2;  | 1;
network | 1; 2; 1; 1; 305; -19; 0; 1; 21; |  | 2;
data | 1; 4160; 6360; 184; 177; 61 
data | 1; 4160; 6360; 170; 163; 62 
data | 1; 4160; 6360; 142; 135; 63 
network | 2; 255; 255; 1; 316; 0; 1; 1; 35; | 1:1;  | 1;
network | 1; 2; 1; 1; 314; -19; 0; 1; 22; |  | 2;
data | 1; 4160; 6360; 128; 121; 64 
data | 1; 4160; 6360; 114; 107; 65 
data | 1; 4160; 6360; 100; 93; 66 
network | 2; 255; 255; 1; 325; 0; 1; 1; 36; | 1:1;  | 1;
network | 1; 2; 1; 1; 323; -19; 0; 1; 23; |  | 2;
data | 1; 4160; 6360; 72; 65; 67 
network | 2; 255; 255; 1; 334; 0; 1; 1; 37; | 1:0;  | 1;
network | 2; 255; 255; 1; 343; 0; 1; 1; 38; | 1:0;  | 1;
network | 1; 2; 1; 0; 0; 0; 0; 0; 0; |  | 
network | 2; 255; 255; 1; 352; 0; 1; 1; 39; | 1:0;  | 1;
network | 2; 255; 255; 1; 361; 0; 1; 1; 40; | 1:0;  | 1;
network | 2; 255; 255; 1; 371; 0; 1; 1; 41; | 1:0;  | 1;
network | 2; 255; 255; 1; 380; 0; 1; 1; 42; | 1:0;  | 1;
network | 2; 255; 255; 1; 389; 0; 1; 1; 43; | 1:0;  | 1;
data | 1; 4160; 6360; 234; 227; 68 
data | 1; 4160; 6360; 206; 199; 69 
network | 2; 255; 255; 1; 398; 0; 1; 1; 44; | 1:2;  | 1;
network | 1; 2; 1; 1; 396; -19; 0; 1; 24; |  | 2;
data | 1; 4160; 6360; 192; 185; 70 
data | 1; 4160; 6360; 178; 171; 71 
data | 1; 4160; 6360; 164; 157; 72 
network | 2; 255; 255; 1; 407; 0; 1; 1; 45; | 1:0;  | 1;
network | 1; 2; 1; 1; 405; -19; 0; 1; 25; |  | 2;
data | 1; 4160; 6360; 136; 129; 73 
data | 1; 4160; 6360; 122; 115; 74 
data | 1; 4160; 6360; 108; 101; 75 
network | 2; 255; 255; 1; 416; 0; 1; 1; 46; | 1:1;  | 1;
network | 1; 2; 1; 1; 414; -19; 0; 1; 26; |  | 2;
data | 1; 4160; 6360; 94; 87; 76 
data | 1; 4160; 6360; 66; 59; 77 
data | 1; 4160; 6360; 52; 45; 78 
network | 2; 255; 255; 1; 425; 0; 1; 1; 47; | 1:2;  | 1;
network | 1; 2; 1; 1; 423; -19; 0; 1; 27; |  | 2;
data | 1; 4160; 6360; 38; 31; 79 
data | 1; 4160; 6360; 24; 17; 80 
data | 1; 4160; 6360; 252; 245; 81 
network | 2; 255; 255; 1; 434; 0; 1; 1; 48; | 1:0;  | 1;
network | 1; 2; 1; 1; 432; -19; 0; 1; 28; |  | 2;
data | 1; 4160; 6360; 238; 231; 82 
data | 1; 4160; 6360; 224; 217; 83 
data | 1; 4160; 6360; 210; 203; 84 
network | 2; 255; 255; 1; 443; 0; 1; 1; 49; | 1:1;  | 1;
network | 1; 2; 1; 1; 441; -19; 0; 1; 29; |  | 2;
data | 1; 4160; 6360; 196; 189; 85 
data | 1; 4160; 6360; 168; 161; 86 
network | 2; 255; 255; 1; 452; 0; 1; 1; 50; | 1:1;  | 1;
network | 2; 255; 255; 1; 461; 0; 1; 1; 51; | 1:0;  | 1;
network | 1; 2; 1; 0; 0; 0; 0; 0; 0; |  | 
network | 2; 255; 255; 1; 470; 0; 1; 1; 52; | 1:0;  | 1;
network | 2; 255; 255; 1; 479; 0; 1; 1; 53; | 1:0;  | 1;
network | 2; 255; 255; 1; 488; 0; 1; 1; 54; | 1:0;  | 1;
network | 2; 255; 255; 1; 497; 0; 1; 1; 55; | 1:0;  | 1;
network | 2; 255; 255; 1; 506; 0; 1; 1; 56; | 1:0;  | 1;
data | 1; 4160; 6360; 60; 53; 87 
network | 2; 255; 255; 1; 515; 0; 1; 1; 57; | 1:1;  | 1;
network | 1; 2; 1; 1; 513; -19; 0; 1; 30; |  | 2;
data | 1; 4160; 6360; 46; 39; 88 
data | 1; 4160; 6360; 32; 25; 89 
data | 1; 4160; 6360; 18; 11; 90 
network | 2; 255; 255; 1; 524; 0; 1; 1; 58; | 1:2;  | 1;
network | 1; 2; 1; 1; 522; -19; 0; 1; 31; |  | 2;
data | 1; 4160; 6360; 246; 239; 91 
data | 1; 4160; 6360; 232; 225; 92 
data | 1; 4160; 6360; 218; 211; 93 
network | 2; 255; 255; 1; 533; 0; 1; 1; 59; | 1:0;  | 1;
network | 1; 2; 1; 1; 531; -19; 0; 1; 32; |  | 2;
data | 1; 4160; 6360; 204; 197; 94 
data | 1; 4160; 6360; 176; 169; 95 
data | 1; 4160; 6360; 162; 155; 96 
network | 2; 255; 255; 1; 542; 0; 1; 1; 60; | 1:1;  | 1;
network | 1; 2; 1; 1; 540; -19; 0; 1; 33; |  | 2;
data | 1; 4160; 6360; 148; 141; 97 
data | 1; 4160; 6360; 134; 127; 98 
data | 1; 4160; 6360; 106; 99; 99 
network | 2; 255; 255; 1; 552; 0; 1; 1; 61; | 1:2;  | 1;
network | 1; 2; 1; 1; 550; -19; 0; 1; 34; |  | 2;
data | 1; 4160; 6360; 92; 85; 100 
data | 1; 4160; 6360; 78; 71; 101 
data | 1; 4160; 6360; 64; 57; 102 
network | 2; 255; 255; 1; 561; 0; 1; 1; 62; | 1:0;  | 1;
network | 1; 2; 1; 1; 559; -19; 0; 1; 35; |  | 2;
data | 1; 4160; 6360; 50; 43; 103 
data | 1; 4160; 6360; 22; 15; 104 
data | 1; 4160; 6360; 8; 1; 105 
network | 2; 255; 255; 1; 570; 0; 1; 1; 63; | 1:1;  | 1;
network | 2; 255; 255; 1; 579; 0; 1; 1; 64; | 1:0;  | 1;
network | 1; 2; 1; 0; 0; 0; 0; 0; 0; |  | 
network | 2; 255; 255; 1; 588; 0; 1; 1; 65; | 1:0;  | 1;
network | 2; 255; 255; 1; 597; 0; 1; 1; 66; | 1:0;  | 1;
network | 2; 255; 255; 1; 606; 0; 1; 1; 67; | 1:0;  | 1;
network | 2; 255; 255; 1; 615; 0; 1; 1; 68; | 1:0;  | 1;
