8119
8283
8374
8404
8456
8747
8921
10402
12020
12193
12281
12318
12347
12651
12830
13063
13187
13226
13312
13340
13393
13689
13700
13858
15934
16095
16185
16221
16258
16550
16561
16733
18214
19840
20007
20090
20124
20162
20466
20473
20644
21898
22026
22064
22118
22155
22181
22219
22526
22538
22701
23741
23915
24000
24037
24369
24376
24549
26014
27648
27818
27905
27942
27990
28268
28289
28459
29938
30739
30863
30901
30992
31021
31075
31366
31378
31535
31644
31718
31810
31841
31881
32181
32191
32365
35457
35629
35720
35756
35791
36089
36096
36271
37750
39376
39536
39577
39622
39662
39685
39702
39743
39827
39854
39901
40000
40006
40179
40202
40214
40379
41650
43278
43447
43529
43566
43901
43908
44080
45553
47173
47352
47438
47467
47508
47901
47907
47991
48408
48539
48583
48668
48699
48748
49040
49052
49211
49466
51083
51257
51343
51373
51417
51707
51718
51896
54986
55159
55252
55284
55319
55619
55625
55803
57255
57274
57377
57417
57502
57534
57581
57875
57886
58051
58888
59065
59158
59188
59233
59523
59542
59710
61179
62793
62979
63065
63096
63431
63445
63613
65091
66092
66215
66255
66341
66368
66428
66714
66726
66759
66881
66970
67003
67035
67337
67348
67517
68991
70607
70784
70876
70904
70942
71239
71258
71423
74524
74693
74776
74813
74843
74928
75053
75089
75148
75156
75181
75214
75259
75328
75555
75567
75730
76808
78432
78600
78687
78720
78767
79050
79062
79238
80705
82334
82506
82593
82623
82963
82969
83149
83766
83891
83926
84014
84052
84093
84390
84402
84561
84629
86241
86406
86501
86536
86581
86867
86874
87054
90313
90405
90436
90782
90789
90957
92601
92729
92762
92854
92886
93228
93240
93406
94226
94311
94346
94682
94690
94863
98123
98216
98255
98586
98597
98771
101435
101567
101610
101687
101724
102038
102062
102074
102123
102155
102239
102487
102507
102673
102976
105776
105941
106029
106064
106399
106405
106582
109852
109941
109967
110289
110303
110310
110405
110446
110489
110530
110565
110905
110917
111081
113752
113845
113872
114212
114219
114395
117656
117745
117784
118115
118133
118303
119113
119243
119283
119367
119404
119744
119756
119913
121566
121659
121690
122021
122037
122208
125304
125471
125559
125595
125930
125936
126115
127951
128081
128123
128208
128234
128583
128595
128759
129386
129469
129499
129843
129850
130016
133283
133371
133408
133739
133757
133928
136792
136919
136961
137044
137075
137195
137283
137316
137418
137430
137590
137645
137661
137831
141097
141189
141218
141559
141566
141741
144838
145008
145089
145123
145461
145467
145636
145648
145757
145804
145879
145909
146256
146268
146429
147124
148741
148916
148998
149033
149072
149372
149554
152655
152811
152906
152934
152976
153281
153451
154458
154594
154637
154718
154752
154798
154933
155097
155109
155270
156563
156719
156808
156845
156890
157180
157357
158842
160460
160628
160721
160753
161093
161271
162736
163300
163432
163474
163552
163589
163634
163929
163941
164109
164368
164537
164629
164659
164701
164992
165002
165178
166657
168275
168447
168531
168565
168593
168912
169078
172146
172179
172270
172313
172346
172396
172430
172439
172475
172511
172767
172779
172808
172945
172985
174463
176088
176256
176342
176374
176412
176721
176899
178378
179995
180164
180249
180282
180625
180803
180986
181108
181150
181234
181270
181315
181600
181619
181782
182284
183892
184070
184154
184185
184231
184527
184534
184711
186180
187801
187972
188057
188095
188136
188441
188614
189814
189946
189986
190071
190100
190142
190446
190458
190620
191710
191881
191971
192001
192037
192342
192519
193989
195619
195789
195873
195912
195946
196252
196422
197891
198655
198784
198825
198904
198938
198979
199288
199300
199459
199531
199697
199777
199815
200163
200330
201806
203431
203593
203684
203722
203768
204062
204071
204237
207490
207509
207590
207624
207631
207662
207744
207782
207971
208110
208133
208148
208294
211408
211495
211534
211873
212052
215322
215406
215436
215780
215956
216331
216460
216492
216583
216621
216956
216968
217136
218211
219223
219313
219349
219689
219863
222973
223128
223213
223254
223584
223602
223768
225169
225298
225332
225419
225453
225790
225811
225975
227033
227123
227156
227499
227677
230944
231035
231061
231403
231582
234001
234135
234171
234261
234297
234635
234647
234809
234844
234936
234965
235305
235486
238754
238842
238879
239220
239390
242497
242658
242748
242779
242845
242973
243009
243096
243126
243138
243298
243470
243482
243652
246567
246659
246690
247031
247209
250474
250561
250595
250934
251109
251693
251811
251851
251933
251965
252305
252330
252487
254375
254470
254498
254842
255022
258288
258372
258411
258745
258924
260518
260649
260686
260772
260803
261146
261158
261321
262024
262194
262281
262317
262648
262659
262836
264305
265933
266104
266189
266217
266256
266553
266563
266742
269356
269487
269530
269614
269645
269692
269842
269987
269999
270010
270089
270125
270162
270169
270459
270468
270646
272114
273748
273910
273999
274031
274074
274360
274374
274547
276030
277651
277819
277905
277942
278205
278274
278284
278325
278361
278451
278460
278484
278521
278825
278837
278998
279926
281558
281727
281809
281842
281880
282181
282187
282361
283831
285469
285627
285722
285755
285791
286085
286098
286268
287037
287163
287201
287284
287321
287366
287665
287677
287833
289367
289534
289627
289662
289699
289993
290000
290172
291650
293278
293434
293530
293565
293607
293902
293911
294083
295549
295869
296001
296040
296126
296158
296209
296496
296508
296672
297181
297342
297438
297470
297798
297817
297988
299467
301088
301251
301343
301376
301413
301711
301718
301899
303363
304713
304839
304884
304962
304998
305004
305037
305163
305250
305287
305335
305341
305509
305620
305627
305802
308901
309063
309155
309187
309233
309523
309530
309707
311182
312805
312979
313058
313094
313138
313433
313441
313556
313610
313677
313721
313800
313832
313886
314177
314190
314350
315092
316713
316877
316968
317001
317337
317344
317519
318992
320615
320788
320873
320947
320984
321243
321252
321424
322389
322514
322554
322636
322671
323014
323026
323187
324697
324777
324815
325148
325155
325326
328599
328685
328720
329052
329062
329233
331221
331352
331391
331480
331509
331850
331863
332024
332469
332503
332593
332625
332962
332969
333141
336407
336501
336534
336871
336878
337055
340057
340153
340190
340236
340311
340323
340345
340407
340444
340688
340700
340779
340786
340860
340960
344225
344314
344348
344684
344691
344859
348132
348221
348253
348625
348669
348774
348896
349028
349067
349156
349183
349527
349540
349703
352033
352128
352156
352492
352509
352676
355939
356031
356069
356398
356413
356579
357740
357866
357902
357995
358024
358440
358451
358541
359682
359845
359935
359973
360304
360313
360490
363751
363845
363878
364206
364224
364390
366575
366704
366748
366829
366858
367203
367216
367379
367654
367749
367786
368119
368125
368302
371563
371657
371692
372022
372029
372204
375417
375471
375542
375558
375585
375598
375664
375697
375931
375941
376040
376052
376116
376212
379218
379374
379468
379499
379840
379847
380017
381492
383117
383284
383370
383404
383452
383749
383930
384255
384380
384423
384508
384535
384583
384958
384969
385056
387024
387189
387282
387315
387354
387652
387832
389305
390933
391098
391189
391220
391259
391560
391742
393085
393208
393220
393262
393340
393374
393415
393720
393732
393890
394838
395007
395094
395132
395475
395648
397126
398749
398905
398999
399033
399070
399363
399377
399548
401028
401934
402055
402101
402182
402216
402261
402543
402561
